41.920310 47.577164 4.000000 
41.920310 47.577164 4.000000 
44.748737 44.748737 4.000000 
44.748737 44.748737 6.000000 

41.920310 47.577164 6.000000 
41.920310 47.577164 4.000000 
45.783942 48.612369 4.000000 
45.783942 48.612369 6.000000 

41.920310 47.577164 6.000000 
41.920310 47.577164 4.000000 
42.955515 51.440796 4.000000 
42.955515 51.440796 6.000000 

41.920310 47.577164 6.000000 
41.920310 47.577164 4.000000 
39.091883 50.405592 4.000000 
39.091883 50.405592 6.000000 

41.920310 47.577164 6.000000 
41.920310 47.577164 4.000000 
38.056679 46.541960 4.000000 
38.056679 46.541960 6.000000 

41.920310 47.577164 6.000000 
41.920310 47.577164 4.000000 
40.885106 43.713533 4.000000 
40.885106 43.713533 6.000000 

41.920310 47.577164 6.000000 
41.920310 47.577164 4.000000 
44.748737 44.748737 4.000000 
44.748737 44.748737 6.000000 


