70.964102 100.272413 4.000000 
70.964102 100.272413 4.000000 
74.827805 99.237137 4.000000 
74.827805 99.237137 6.000000 

70.964102 100.272413 6.000000 
70.964102 100.272413 4.000000 
73.792502 103.100742 4.000000 
73.792502 103.100742 6.000000 

70.964102 100.272413 6.000000 
70.964102 100.272413 4.000000 
69.928799 104.136019 4.000000 
69.928799 104.136019 6.000000 

70.964102 100.272413 6.000000 
70.964102 100.272413 4.000000 
67.100398 101.307690 4.000000 
67.100398 101.307690 6.000000 

70.964102 100.272413 6.000000 
70.964102 100.272413 4.000000 
68.135701 97.444084 4.000000 
68.135701 97.444084 6.000000 

70.964102 100.272413 6.000000 
70.964102 100.272413 4.000000 
71.999404 96.408808 4.000000 
71.999404 96.408808 6.000000 

70.964102 100.272413 6.000000 
70.964102 100.272413 4.000000 
74.827805 99.237137 4.000000 
74.827805 99.237137 6.000000 


