65.964102 84.291651 10.000000 
65.964102 84.291651 10.000000 
65.964102 80.291651 10.000000 
65.964102 80.291651 12.000000 

65.964102 84.291651 12.000000 
65.964102 84.291651 10.000000 
69.428102 82.291651 10.000000 
69.428102 82.291651 12.000000 

65.964102 84.291651 12.000000 
65.964102 84.291651 10.000000 
69.428102 86.291651 10.000000 
69.428102 86.291651 12.000000 

65.964102 84.291651 12.000000 
65.964102 84.291651 10.000000 
65.964102 88.291651 10.000000 
65.964102 88.291651 12.000000 

65.964102 84.291651 12.000000 
65.964102 84.291651 10.000000 
62.500102 86.291651 10.000000 
62.500102 86.291651 12.000000 

65.964102 84.291651 12.000000 
65.964102 84.291651 10.000000 
62.500102 82.291651 10.000000 
62.500102 82.291651 12.000000 

65.964102 84.291651 12.000000 
65.964102 84.291651 10.000000 
65.964102 80.291651 10.000000 
65.964102 80.291651 12.000000 


